131870,93034
131870,84618
131870,56953
131870,51251
131870,4907
131870,30833
131870,22978
131870,115024
131870,100526794
131870,3251
131870,3615
131870,3614
131870,956
131870,953
131870,377841
131870,159
131870,122622
131870,272
131870,271
131870,270
131870,3704
131870,8382
131870,654364
131870,4833
131870,4832
131870,4831
131870,4830
131870,29922
131870,10201
131870,471
5236,56985
5236,53343
5236,11164
5236,5634
5236,5631
5236,221823
5236,55276
4882,4881
4882,3000
4882,2986
4882,2984
4882,2983
4882,2982
4882,2977
4882,8654
4882,5158
4882,5152
4882,5149
4882,5148
4882,5147
4882,5146
4882,5145
4882,318
4882,8622
4882,5153
4882,5151
4882,5150
4882,5144
4882,5143
4882,5142
4882,5141
4882,5140
4882,5139
4882,5138
4882,5137
4882,5136
4882,50940
4882,27115
4882,10846
4882,9533
4882,84265
4882,84172
4882,661
4882,64425
4882,55718
4882,55703
4882,548644
4882,5441
4882,5440
4882,5439
4882,5438
4882,5437
4882,5436
4882,5435
4882,5434
4882,5433
4882,5432
4882,5431
4882,5430
4882,51728
4882,51082
4882,30834
4882,25885
4882,246721
4882,221830
4882,171568
4882,11128
4882,10623
4882,10622
4882,10621
4882,101060521
4882,5315
4882,5313
4882,956
4882,953
4882,377841
4882,3704
4882,8382
4882,654364
4882,4833
4882,4832
4882,4831
4882,4830
4882,29922
4882,10201
4881,3000
4881,2986
4881,2984
4881,2983
4881,2982
4881,2977
4881,8654
4881,5158
4881,5152
4881,5149
4881,5148
4881,5147
4881,5146
4881,5145
4881,318
4881,8622
4881,5153
4881,5151
4881,5150
4881,5144
4881,5143
4881,5142
4881,5141
4881,5140
4881,5139
4881,5138
4881,5137
4881,5136
4881,50940
4881,27115
4881,10846
4881,9533
4881,84265
4881,84172
4881,661
4881,64425
4881,55718
4881,55703
4881,548644
4881,5441
4881,5440
4881,5439
4881,5438
4881,5437
4881,5436
4881,5435
4881,5434
4881,5433
4881,5432
4881,5431
4881,5430
4881,51728
4881,51082
4881,30834
4881,25885
4881,246721
4881,221830
4881,171568
4881,11128
4881,10623
4881,10622
4881,10621
4881,101060521
4881,5315
4881,5313
4881,956
4881,953
4881,377841
4881,3704
4881,8382
4881,654364
4881,4833
4881,4832
4881,4831
4881,4830
4881,29922
4881,10201
3000,2986
3000,2984
3000,2983
3000,2982
3000,2977
3000,8654
3000,5158
3000,5152
3000,5149
3000,5148
3000,5147
3000,5146
3000,5145
3000,318
3000,8622
3000,5153
3000,5151
3000,5150
3000,5144
3000,5143
3000,5142
3000,5141
3000,5140
3000,5139
3000,5138
3000,5137
3000,5136
3000,50940
3000,27115
3000,10846
3000,9533
3000,84265
3000,84172
3000,661
3000,64425
3000,55718
3000,55703
3000,548644
3000,5441
3000,5440
3000,5439
3000,5438
3000,5437
3000,5436
3000,5435
3000,5434
3000,5433
3000,5432
3000,5431
3000,5430
3000,51728
3000,51082
3000,30834
3000,25885
3000,246721
3000,221830
3000,171568
3000,11128
3000,10623
3000,10622
3000,10621
3000,101060521
3000,5315
3000,5313
3000,956
3000,953
3000,377841
3000,3704
3000,8382
3000,654364
3000,4833
3000,4832
3000,4831
3000,4830
3000,29922
3000,10201
2986,2984
2986,2983
2986,2982
2986,2977
2986,8654
2986,5158
2986,5152
2986,5149
2986,5148
2986,5147
2986,5146
2986,5145
2986,318
2986,8622
2986,5153
2986,5151
2986,5150
2986,5144
2986,5143
2986,5142
2986,5141
2986,5140
2986,5139
2986,5138
2986,5137
2986,5136
2986,50940
2986,27115
2986,10846
2986,9533
2986,84265
2986,84172
2986,661
2986,64425
2986,55718
2986,55703
2986,548644
2986,5441
2986,5440
2986,5439
2986,5438
2986,5437
2986,5436
2986,5435
2986,5434
2986,5433
2986,5432
2986,5431
2986,5430
2986,51728
2986,51082
2986,30834
2986,25885
2986,246721
2986,221830
2986,171568
2986,11128
2986,10623
2986,10622
2986,10621
2986,101060521
2986,5315
2986,5313
2986,956
2986,953
2986,377841
2986,3704
2986,8382
2986,654364
2986,4833
2986,4832
2986,4831
2986,4830
2986,29922
2986,10201
2984,2983
2984,2982
2984,2977
2984,8654
2984,5158
2984,5152
2984,5149
2984,5148
2984,5147
2984,5146
2984,5145
2984,318
2984,8622
2984,5153
2984,5151
2984,5150
2984,5144
2984,5143
2984,5142
2984,5141
2984,5140
2984,5139
2984,5138
2984,5137
2984,5136
2984,50940
2984,27115
2984,10846
2984,9533
2984,84265
2984,84172
2984,661
2984,64425
2984,55718
2984,55703
2984,548644
2984,5441
2984,5440
2984,5439
2984,5438
2984,5437
2984,5436
2984,5435
2984,5434
2984,5433
2984,5432
2984,5431
2984,5430
2984,51728
2984,51082
2984,30834
2984,25885
2984,246721
2984,221830
2984,171568
2984,11128
2984,10623
2984,10622
2984,10621
2984,101060521
2984,5315
2984,5313
2984,956
2984,953
2984,377841
2984,3704
2984,8382
2984,654364
2984,4833
2984,4832
2984,4831
2984,4830
2984,29922
2984,10201
2983,2982
2983,2977
2983,8654
2983,5158
2983,5152
2983,5149
2983,5148
2983,5147
2983,5146
2983,5145
2983,318
2983,8622
2983,5153
2983,5151
2983,5150
2983,5144
2983,5143
2983,5142
2983,5141
2983,5140
2983,5139
2983,5138
2983,5137
2983,5136
2983,50940
2983,27115
2983,10846
2983,9533
2983,84265
2983,84172
2983,661
2983,64425
2983,55718
2983,55703
2983,548644
2983,5441
2983,5440
2983,5439
2983,5438
2983,5437
2983,5436
2983,5435
2983,5434
2983,5433
2983,5432
2983,5431
2983,5430
2983,51728
2983,51082
2983,30834
2983,25885
2983,246721
2983,221830
2983,171568
2983,11128
2983,10623
2983,10622
2983,10621
2983,101060521
2983,5315
2983,5313
2983,956
2983,953
2983,377841
2983,3704
2983,8382
2983,654364
2983,4833
2983,4832
2983,4831
2983,4830
2983,29922
2983,10201
2982,2977
2982,8654
2982,5158
2982,5152
2982,5149
2982,5148
2982,5147
2982,5146
2982,5145
2982,318
2982,8622
2982,5153
2982,5151
2982,5150
2982,5144
2982,5143
2982,5142
2982,5141
2982,5140
2982,5139
2982,5138
2982,5137
2982,5136
2982,50940
2982,27115
2982,10846
2982,9533
2982,84265
2982,84172
2982,661
2982,64425
2982,55718
2982,55703
2982,548644
2982,5441
2982,5440
2982,5439
2982,5438
2982,5437
2982,5436
2982,5435
2982,5434
2982,5433
2982,5432
2982,5431
2982,5430
2982,51728
2982,51082
2982,30834
2982,25885
2982,246721
2982,221830
2982,171568
2982,11128
2982,10623
2982,10622
2982,10621
2982,101060521
2982,5315
2982,5313
2982,956
2982,953
2982,377841
2982,3704
2982,8382
2982,654364
2982,4833
2982,4832
2982,4831
2982,4830
2982,29922
2982,10201
2977,8654
2977,5158
2977,5152
2977,5149
2977,5148
2977,5147
2977,5146
2977,5145
2977,318
2977,8622
2977,5153
2977,5151
2977,5150
2977,5144
2977,5143
2977,5142
2977,5141
2977,5140
2977,5139
2977,5138
2977,5137
2977,5136
2977,50940
2977,27115
2977,10846
2977,9533
2977,84265
2977,84172
2977,661
2977,64425
2977,55718
2977,55703
2977,548644
2977,5441
2977,5440
2977,5439
2977,5438
2977,5437
2977,5436
2977,5435
2977,5434
2977,5433
2977,5432
2977,5431
2977,5430
2977,51728
2977,51082
2977,30834
2977,25885
2977,246721
2977,221830
2977,171568
2977,11128
2977,10623
2977,10622
2977,10621
2977,101060521
2977,5315
2977,5313
2977,956
2977,953
2977,377841
2977,3704
2977,8382
2977,654364
2977,4833
2977,4832
2977,4831
2977,4830
2977,29922
2977,10201
374659,58497
374659,2987
374659,87178
374659,5315
374659,5313
374659,6241
374659,6240
374659,50484
374659,956
374659,953
374659,377841
374659,9583
374659,957
374659,955
374659,124583
374659,8382
374659,654364
374659,4833
374659,4832
374659,4831
374659,4830
374659,29922
374659,10201
1716,2987
1716,4860
1716,3704
2987,8654
2987,5158
2987,5152
2987,5149
2987,5148
2987,5147
2987,5146
2987,5145
2987,8833
2987,51292
2987,2766
2987,8622
2987,5153
2987,5151
2987,5150
2987,5144
2987,5143
2987,5142
2987,5141
2987,5140
2987,5139
2987,5138
2987,5137
2987,5136
2987,50940
2987,27115
2987,10846
2987,87178
2987,5315
2987,5313
2987,6241
2987,6240
2987,50484
2987,93034
2987,84618
2987,56953
2987,51251
2987,4907
2987,30833
2987,22978
2987,115024
2987,100526794
2987,3251
2987,956
2987,953
2987,377841
2987,3704
2987,8382
2987,654364
2987,4833
2987,4832
2987,4831
2987,4830
2987,29922
2987,10201
2987,353
8654,5158
8654,5152
8654,5149
8654,5148
8654,5147
8654,5146
8654,5145
8654,8833
8654,51292
8654,2766
8654,8622
8654,5153
8654,5151
8654,5150
8654,5144
8654,5143
8654,5142
8654,5141
8654,5140
8654,5139
8654,5138
8654,5137
8654,5136
8654,50940
8654,27115
8654,10846
8654,55811
8654,196883
8654,115
8654,114
8654,113
8654,112
8654,111
8654,109
8654,108
8654,107
8654,93034
8654,84618
8654,56953
8654,51251
8654,4907
8654,30833
8654,22978
8654,115024
8654,100526794
8654,3251
8654,956
8654,953
8654,377841
8654,9583
8654,957
8654,955
8654,124583
8654,3704
8654,353
5158,5152
5158,5149
5158,5148
5158,5147
5158,5146
5158,5145
5158,8833
5158,51292
5158,2766
5158,8622
5158,5153
5158,5151
5158,5150
5158,5144
5158,5143
5158,5142
5158,5141
5158,5140
5158,5139
5158,5138
5158,5137
5158,5136
5158,50940
5158,27115
5158,10846
5158,55811
5158,196883
5158,115
5158,114
5158,113
5158,112
5158,111
5158,109
5158,108
5158,107
5158,93034
5158,84618
5158,56953
5158,51251
5158,4907
5158,30833
5158,22978
5158,115024
5158,100526794
5158,3251
5158,956
5158,953
5158,377841
5158,9583
5158,957
5158,955
5158,124583
5158,3704
5158,353
5152,5149
5152,5148
5152,5147
5152,5146
5152,5145
5152,8833
5152,51292
5152,2766
5152,8622
5152,5153
5152,5151
5152,5150
5152,5144
5152,5143
5152,5142
5152,5141
5152,5140
5152,5139
5152,5138
5152,5137
5152,5136
5152,50940
5152,27115
5152,10846
5152,55811
5152,196883
5152,115
5152,114
5152,113
5152,112
5152,111
5152,109
5152,108
5152,107
5152,93034
5152,84618
5152,56953
5152,51251
5152,4907
5152,30833
5152,22978
5152,115024
5152,100526794
5152,3251
5152,956
5152,953
5152,377841
5152,9583
5152,957
5152,955
5152,124583
5152,3704
5152,353
5149,5148
5149,5147
5149,5146
5149,5145
5149,8833
5149,51292
5149,2766
5149,8622
5149,5153
5149,5151
5149,5150
5149,5144
5149,5143
5149,5142
5149,5141
5149,5140
5149,5139
5149,5138
5149,5137
5149,5136
5149,50940
5149,27115
5149,10846
5149,55811
5149,196883
5149,115
5149,114
5149,113
5149,112
5149,111
5149,109
5149,108
5149,107
5149,93034
5149,84618
5149,56953
5149,51251
5149,4907
5149,30833
5149,22978
5149,115024
5149,100526794
5149,3251
5149,956
5149,953
5149,377841
5149,9583
5149,957
5149,955
5149,124583
5149,3704
5149,353
5148,5147
5148,5146
5148,5145
5148,8833
5148,51292
5148,2766
5148,8622
5148,5153
5148,5151
5148,5150
5148,5144
5148,5143
5148,5142
5148,5141
5148,5140
5148,5139
5148,5138
5148,5137
5148,5136
5148,50940
5148,27115
5148,10846
5148,55811
5148,196883
5148,115
5148,114
5148,113
5148,112
5148,111
5148,109
5148,108
5148,107
5148,93034
5148,84618
5148,56953
5148,51251
5148,4907
5148,30833
5148,22978
5148,115024
5148,100526794
5148,3251
5148,956
5148,953
5148,377841
5148,9583
5148,957
5148,955
5148,124583
5148,3704
5148,353
5147,5146
5147,5145
5147,8833
5147,51292
5147,2766
5147,8622
5147,5153
5147,5151
5147,5150
5147,5144
5147,5143
5147,5142
5147,5141
5147,5140
5147,5139
5147,5138
5147,5137
5147,5136
5147,50940
5147,27115
5147,10846
5147,55811
5147,196883
5147,115
5147,114
5147,113
5147,112
5147,111
5147,109
5147,108
5147,107
5147,93034
5147,84618
5147,56953
5147,51251
5147,4907
5147,30833
5147,22978
5147,115024
5147,100526794
5147,3251
5147,956
5147,953
5147,377841
5147,9583
5147,957
5147,955
5147,124583
5147,3704
5147,353
5146,5145
5146,8833
5146,51292
5146,2766
5146,8622
5146,5153
5146,5151
5146,5150
5146,5144
5146,5143
5146,5142
5146,5141
5146,5140
5146,5139
5146,5138
5146,5137
5146,5136
5146,50940
5146,27115
5146,10846
5146,55811
5146,196883
5146,115
5146,114
5146,113
5146,112
5146,111
5146,109
5146,108
5146,107
5146,93034
5146,84618
5146,56953
5146,51251
5146,4907
5146,30833
5146,22978
5146,115024
5146,100526794
5146,3251
5146,956
5146,953
5146,377841
5146,9583
5146,957
5146,955
5146,124583
5146,3704
5146,353
5145,8833
5145,51292
5145,2766
5145,8622
5145,5153
5145,5151
5145,5150
5145,5144
5145,5143
5145,5142
5145,5141
5145,5140
5145,5139
5145,5138
5145,5137
5145,5136
5145,50940
5145,27115
5145,10846
5145,55811
5145,196883
5145,115
5145,114
5145,113
5145,112
5145,111
5145,109
5145,108
5145,107
5145,93034
5145,84618
5145,56953
5145,51251
5145,4907
5145,30833
5145,22978
5145,115024
5145,100526794
5145,3251
5145,956
5145,953
5145,377841
5145,9583
5145,957
5145,955
5145,124583
5145,3704
5145,353
318,55811
318,196883
318,115
318,114
318,113
318,112
318,111
318,109
318,108
318,107
318,9533
318,84265
318,84172
318,661
318,64425
318,55718
318,55703
318,548644
318,5441
318,5440
318,5439
318,5438
318,5437
318,5436
318,5435
318,5434
318,5433
318,5432
318,5431
318,5430
318,51728
318,51082
318,30834
318,25885
318,246721
318,221830
318,171568
318,11128
318,10623
318,10622
318,10621
318,101060521
318,5315
318,5313
318,956
318,953
318,377841
318,3704
318,8382
318,654364
318,4833
318,4832
318,4831
318,4830
318,29922
318,10201
9615,7498
9615,4860
9615,3251
9615,353
8833,51292
8833,2766
8833,8622
8833,5153
8833,5151
8833,5150
8833,5144
8833,5143
8833,5142
8833,5141
8833,5140
8833,5139
8833,5138
8833,5137
8833,5136
8833,50940
8833,27115
8833,10846
8833,93034
8833,84618
8833,56953
8833,51251
8833,4907
8833,30833
8833,22978
8833,115024
8833,100526794
8833,3251
8833,3615
8833,3614
8833,956
8833,953
8833,377841
8833,9583
8833,957
8833,955
8833,124583
8833,3704
8833,353
51292,2766
51292,8622
51292,5153
51292,5151
51292,5150
51292,5144
51292,5143
51292,5142
51292,5141
51292,5140
51292,5139
51292,5138
51292,5137
51292,5136
51292,50940
51292,27115
51292,10846
51292,93034
51292,84618
51292,56953
51292,51251
51292,4907
51292,30833
51292,22978
51292,115024
51292,100526794
51292,3251
51292,3615
51292,3614
51292,956
51292,953
51292,377841
51292,9583
51292,957
51292,955
51292,124583
51292,159
51292,122622
51292,272
51292,271
51292,270
51292,3704
51292,471
51292,353
2766,8622
2766,5153
2766,5151
2766,5150
2766,5144
2766,5143
2766,5142
2766,5141
2766,5140
2766,5139
2766,5138
2766,5137
2766,5136
2766,50940
2766,27115
2766,10846
2766,93034
2766,84618
2766,56953
2766,51251
2766,4907
2766,30833
2766,22978
2766,115024
2766,100526794
2766,3251
2766,3615
2766,3614
2766,956
2766,953
2766,377841
2766,9583
2766,957
2766,955
2766,124583
2766,159
2766,122622
2766,272
2766,271
2766,270
2766,3704
2766,471
2766,353
8622,5153
8622,5151
8622,5150
8622,5144
8622,5143
8622,5142
8622,5141
8622,5140
8622,5139
8622,5138
8622,5137
8622,5136
8622,50940
8622,27115
8622,10846
8622,55811
8622,196883
8622,115
8622,114
8622,113
8622,112
8622,111
8622,109
8622,108
8622,107
8622,1633
8622,132
8622,390877
8622,26289
8622,205
8622,204
8622,203
8622,122481
8622,100507855
8622,93034
8622,84618
8622,56953
8622,51251
8622,4907
8622,30833
8622,22978
8622,115024
8622,100526794
8622,3251
8622,956
8622,953
8622,377841
8622,9583
8622,957
8622,955
8622,124583
8622,272
8622,271
8622,270
8622,3704
8622,353
8622,158
5153,5151
5153,5150
5153,5144
5153,5143
5153,5142
5153,5141
5153,5140
5153,5139
5153,5138
5153,5137
5153,5136
5153,50940
5153,27115
5153,10846
5153,55811
5153,196883
5153,115
5153,114
5153,113
5153,112
5153,111
5153,109
5153,108
5153,107
5153,1633
5153,132
5153,390877
5153,26289
5153,205
5153,204
5153,203
5153,122481
5153,100507855
5153,93034
5153,84618
5153,56953
5153,51251
5153,4907
5153,30833
5153,22978
5153,115024
5153,100526794
5153,3251
5153,956
5153,953
5153,377841
5153,9583
5153,957
5153,955
5153,124583
5153,272
5153,271
5153,270
5153,3704
5153,353
5153,158
5151,5150
5151,5144
5151,5143
5151,5142
5151,5141
5151,5140
5151,5139
5151,5138
5151,5137
5151,5136
5151,50940
5151,27115
5151,10846
5151,55811
5151,196883
5151,115
5151,114
5151,113
5151,112
5151,111
5151,109
5151,108
5151,107
5151,1633
5151,132
5151,390877
5151,26289
5151,205
5151,204
5151,203
5151,122481
5151,100507855
5151,93034
5151,84618
5151,56953
5151,51251
5151,4907
5151,30833
5151,22978
5151,115024
5151,100526794
5151,3251
5151,956
5151,953
5151,377841
5151,9583
5151,957
5151,955
5151,124583
5151,272
5151,271
5151,270
5151,3704
5151,353
5151,158
5150,5144
5150,5143
5150,5142
5150,5141
5150,5140
5150,5139
5150,5138
5150,5137
5150,5136
5150,50940
5150,27115
5150,10846
5150,55811
5150,196883
5150,115
5150,114
5150,113
5150,112
5150,111
5150,109
5150,108
5150,107
5150,1633
5150,132
5150,390877
5150,26289
5150,205
5150,204
5150,203
5150,122481
5150,100507855
5150,93034
5150,84618
5150,56953
5150,51251
5150,4907
5150,30833
5150,22978
5150,115024
5150,100526794
5150,3251
5150,956
5150,953
5150,377841
5150,9583
5150,957
5150,955
5150,124583
5150,272
5150,271
5150,270
5150,3704
5150,353
5150,158
5144,5143
5144,5142
5144,5141
5144,5140
5144,5139
5144,5138
5144,5137
5144,5136
5144,50940
5144,27115
5144,10846
5144,55811
5144,196883
5144,115
5144,114
5144,113
5144,112
5144,111
5144,109
5144,108
5144,107
5144,1633
5144,132
5144,390877
5144,26289
5144,205
5144,204
5144,203
5144,122481
5144,100507855
5144,93034
5144,84618
5144,56953
5144,51251
5144,4907
5144,30833
5144,22978
5144,115024
5144,100526794
5144,3251
5144,956
5144,953
5144,377841
5144,9583
5144,957
5144,955
5144,124583
5144,272
5144,271
5144,270
5144,3704
5144,353
5144,158
5143,5142
5143,5141
5143,5140
5143,5139
5143,5138
5143,5137
5143,5136
5143,50940
5143,27115
5143,10846
5143,55811
5143,196883
5143,115
5143,114
5143,113
5143,112
5143,111
5143,109
5143,108
5143,107
5143,1633
5143,132
5143,390877
5143,26289
5143,205
5143,204
5143,203
5143,122481
5143,100507855
5143,93034
5143,84618
5143,56953
5143,51251
5143,4907
5143,30833
5143,22978
5143,115024
5143,100526794
5143,3251
5143,956
5143,953
5143,377841
5143,9583
5143,957
5143,955
5143,124583
5143,272
5143,271
5143,270
5143,3704
5143,353
5143,158
5142,5141
5142,5140
5142,5139
5142,5138
5142,5137
5142,5136
5142,50940
5142,27115
5142,10846
5142,55811
5142,196883
5142,115
5142,114
5142,113
5142,112
5142,111
5142,109
5142,108
5142,107
5142,1633
5142,132
5142,390877
5142,26289
5142,205
5142,204
5142,203
5142,122481
5142,100507855
5142,93034
5142,84618
5142,56953
5142,51251
5142,4907
5142,30833
5142,22978
5142,115024
5142,100526794
5142,3251
5142,956
5142,953
5142,377841
5142,9583
5142,957
5142,955
5142,124583
5142,272
5142,271
5142,270
5142,3704
5142,353
5142,158
5141,5140
5141,5139
5141,5138
5141,5137
5141,5136
5141,50940
5141,27115
5141,10846
5141,55811
5141,196883
5141,115
5141,114
5141,113
5141,112
5141,111
5141,109
5141,108
5141,107
5141,1633
5141,132
5141,390877
5141,26289
5141,205
5141,204
5141,203
5141,122481
5141,100507855
5141,93034
5141,84618
5141,56953
5141,51251
5141,4907
5141,30833
5141,22978
5141,115024
5141,100526794
5141,3251
5141,956
5141,953
5141,377841
5141,9583
5141,957
5141,955
5141,124583
5141,272
5141,271
5141,270
5141,3704
5141,353
5141,158
5140,5139
5140,5138
5140,5137
5140,5136
5140,50940
5140,27115
5140,10846
5140,55811
5140,196883
5140,115
5140,114
5140,113
5140,112
5140,111
5140,109
5140,108
5140,107
5140,1633
5140,132
5140,390877
5140,26289
5140,205
5140,204
5140,203
5140,122481
5140,100507855
5140,93034
5140,84618
5140,56953
5140,51251
5140,4907
5140,30833
5140,22978
5140,115024
5140,100526794
5140,3251
5140,956
5140,953
5140,377841
5140,9583
5140,957
5140,955
5140,124583
5140,272
5140,271
5140,270
5140,3704
5140,353
5140,158
5139,5138
5139,5137
5139,5136
5139,50940
5139,27115
5139,10846
5139,55811
5139,196883
5139,115
5139,114
5139,113
5139,112
5139,111
5139,109
5139,108
5139,107
5139,1633
5139,132
5139,390877
5139,26289
5139,205
5139,204
5139,203
5139,122481
5139,100507855
5139,93034
5139,84618
5139,56953
5139,51251
5139,4907
5139,30833
5139,22978
5139,115024
5139,100526794
5139,3251
5139,956
5139,953
5139,377841
5139,9583
5139,957
5139,955
5139,124583
5139,272
5139,271
5139,270
5139,3704
5139,353
5139,158
5138,5137
5138,5136
5138,50940
5138,27115
5138,10846
5138,55811
5138,196883
5138,115
5138,114
5138,113
5138,112
5138,111
5138,109
5138,108
5138,107
5138,1633
5138,132
5138,390877
5138,26289
5138,205
5138,204
5138,203
5138,122481
5138,100507855
5138,93034
5138,84618
5138,56953
5138,51251
5138,4907
5138,30833
5138,22978
5138,115024
5138,100526794
5138,3251
5138,956
5138,953
5138,377841
5138,9583
5138,957
5138,955
5138,124583
5138,272
5138,271
5138,270
5138,3704
5138,353
5138,158
5137,5136
5137,50940
5137,27115
5137,10846
5137,55811
5137,196883
5137,115
5137,114
5137,113
5137,112
5137,111
5137,109
5137,108
5137,107
5137,1633
5137,132
5137,390877
5137,26289
5137,205
5137,204
5137,203
5137,122481
5137,100507855
5137,93034
5137,84618
5137,56953
5137,51251
5137,4907
5137,30833
5137,22978
5137,115024
5137,100526794
5137,3251
5137,956
5137,953
5137,377841
5137,9583
5137,957
5137,955
5137,124583
5137,272
5137,271
5137,270
5137,3704
5137,353
5137,158
5136,50940
5136,27115
5136,10846
5136,55811
5136,196883
5136,115
5136,114
5136,113
5136,112
5136,111
5136,109
5136,108
5136,107
5136,1633
5136,132
5136,390877
5136,26289
5136,205
5136,204
5136,203
5136,122481
5136,100507855
5136,93034
5136,84618
5136,56953
5136,51251
5136,4907
5136,30833
5136,22978
5136,115024
5136,100526794
5136,3251
5136,956
5136,953
5136,377841
5136,9583
5136,957
5136,955
5136,124583
5136,272
5136,271
5136,270
5136,3704
5136,353
5136,158
50940,27115
50940,10846
50940,55811
50940,196883
50940,115
50940,114
50940,113
50940,112
50940,111
50940,109
50940,108
50940,107
50940,1633
50940,132
50940,390877
50940,26289
50940,205
50940,204
50940,203
50940,122481
50940,100507855
50940,93034
50940,84618
50940,56953
50940,51251
50940,4907
50940,30833
50940,22978
50940,115024
50940,100526794
50940,3251
50940,956
50940,953
50940,377841
50940,9583
50940,957
50940,955
50940,124583
50940,272
50940,271
50940,270
50940,3704
50940,353
50940,158
27115,10846
27115,55811
27115,196883
27115,115
27115,114
27115,113
27115,112
27115,111
27115,109
27115,108
27115,107
27115,1633
27115,132
27115,390877
27115,26289
27115,205
27115,204
27115,203
27115,122481
27115,100507855
27115,93034
27115,84618
27115,56953
27115,51251
27115,4907
27115,30833
27115,22978
27115,115024
27115,100526794
27115,3251
27115,956
27115,953
27115,377841
27115,9583
27115,957
27115,955
27115,124583
27115,272
27115,271
27115,270
27115,3704
27115,353
27115,158
10846,55811
10846,196883
10846,115
10846,114
10846,113
10846,112
10846,111
10846,109
10846,108
10846,107
10846,1633
10846,132
10846,390877
10846,26289
10846,205
10846,204
10846,203
10846,122481
10846,100507855
10846,93034
10846,84618
10846,56953
10846,51251
10846,4907
10846,30833
10846,22978
10846,115024
10846,100526794
10846,3251
10846,956
10846,953
10846,377841
10846,9583
10846,957
10846,955
10846,124583
10846,272
10846,271
10846,270
10846,3704
10846,353
10846,158
55811,196883
55811,115
55811,114
55811,113
55811,112
55811,111
55811,109
55811,108
55811,107
55811,9533
55811,84265
55811,84172
55811,661
55811,64425
55811,55718
55811,55703
55811,548644
55811,5441
55811,5440
55811,5439
55811,5438
55811,5437
55811,5436
55811,5435
55811,5434
55811,5433
55811,5432
55811,5431
55811,5430
55811,51728
55811,51082
55811,30834
55811,25885
55811,246721
55811,221830
55811,171568
55811,11128
55811,10623
55811,10622
55811,10621
55811,101060521
55811,84284
55811,954
55811,5315
55811,5313
55811,956
55811,953
55811,377841
55811,3704
55811,8382
55811,654364
55811,4833
55811,4832
55811,4831
55811,4830
55811,29922
55811,10201
196883,115
196883,114
196883,113
196883,112
196883,111
196883,109
196883,108
196883,107
196883,9533
196883,84265
196883,84172
196883,661
196883,64425
196883,55718
196883,55703
196883,548644
196883,5441
196883,5440
196883,5439
196883,5438
196883,5437
196883,5436
196883,5435
196883,5434
196883,5433
196883,5432
196883,5431
196883,5430
196883,51728
196883,51082
196883,30834
196883,25885
196883,246721
196883,221830
196883,171568
196883,11128
196883,10623
196883,10622
196883,10621
196883,101060521
196883,84284
196883,954
196883,5315
196883,5313
196883,956
196883,953
196883,377841
196883,3704
196883,8382
196883,654364
196883,4833
196883,4832
196883,4831
196883,4830
196883,29922
196883,10201
115,114
115,113
115,112
115,111
115,109
115,108
115,107
115,9533
115,84265
115,84172
115,661
115,64425
115,55718
115,55703
115,548644
115,5441
115,5440
115,5439
115,5438
115,5437
115,5436
115,5435
115,5434
115,5433
115,5432
115,5431
115,5430
115,51728
115,51082
115,30834
115,25885
115,246721
115,221830
115,171568
115,11128
115,10623
115,10622
115,10621
115,101060521
115,84284
115,954
115,5315
115,5313
115,956
115,953
115,377841
115,3704
115,8382
115,654364
115,4833
115,4832
115,4831
115,4830
115,29922
115,10201
114,113
114,112
114,111
114,109
114,108
114,107
114,9533
114,84265
114,84172
114,661
114,64425
114,55718
114,55703
114,548644
114,5441
114,5440
114,5439
114,5438
114,5437
114,5436
114,5435
114,5434
114,5433
114,5432
114,5431
114,5430
114,51728
114,51082
114,30834
114,25885
114,246721
114,221830
114,171568
114,11128
114,10623
114,10622
114,10621
114,101060521
114,84284
114,954
114,5315
114,5313
114,956
114,953
114,377841
114,3704
114,8382
114,654364
114,4833
114,4832
114,4831
114,4830
114,29922
114,10201
113,112
113,111
113,109
113,108
113,107
113,9533
113,84265
113,84172
113,661
113,64425
113,55718
113,55703
113,548644
113,5441
113,5440
113,5439
113,5438
113,5437
113,5436
113,5435
113,5434
113,5433
113,5432
113,5431
113,5430
113,51728
113,51082
113,30834
113,25885
113,246721
113,221830
113,171568
113,11128
113,10623
113,10622
113,10621
113,101060521
113,84284
113,954
113,5315
113,5313
113,956
113,953
113,377841
113,3704
113,8382
113,654364
113,4833
113,4832
113,4831
113,4830
113,29922
113,10201
112,111
112,109
112,108
112,107
112,9533
112,84265
112,84172
112,661
112,64425
112,55718
112,55703
112,548644
112,5441
112,5440
112,5439
112,5438
112,5437
112,5436
112,5435
112,5434
112,5433
112,5432
112,5431
112,5430
112,51728
112,51082
112,30834
112,25885
112,246721
112,221830
112,171568
112,11128
112,10623
112,10622
112,10621
112,101060521
112,84284
112,954
112,5315
112,5313
112,956
112,953
112,377841
112,3704
112,8382
112,654364
112,4833
112,4832
112,4831
112,4830
112,29922
112,10201
111,109
111,108
111,107
111,9533
111,84265
111,84172
111,661
111,64425
111,55718
111,55703
111,548644
111,5441
111,5440
111,5439
111,5438
111,5437
111,5436
111,5435
111,5434
111,5433
111,5432
111,5431
111,5430
111,51728
111,51082
111,30834
111,25885
111,246721
111,221830
111,171568
111,11128
111,10623
111,10622
111,10621
111,101060521
111,84284
111,954
111,5315
111,5313
111,956
111,953
111,377841
111,3704
111,8382
111,654364
111,4833
111,4832
111,4831
111,4830
111,29922
111,10201
109,108
109,107
109,9533
109,84265
109,84172
109,661
109,64425
109,55718
109,55703
109,548644
109,5441
109,5440
109,5439
109,5438
109,5437
109,5436
109,5435
109,5434
109,5433
109,5432
109,5431
109,5430
109,51728
109,51082
109,30834
109,25885
109,246721
109,221830
109,171568
109,11128
109,10623
109,10622
109,10621
109,101060521
109,84284
109,954
109,5315
109,5313
109,956
109,953
109,377841
109,3704
109,8382
109,654364
109,4833
109,4832
109,4831
109,4830
109,29922
109,10201
108,107
108,9533
108,84265
108,84172
108,661
108,64425
108,55718
108,55703
108,548644
108,5441
108,5440
108,5439
108,5438
108,5437
108,5436
108,5435
108,5434
108,5433
108,5432
108,5431
108,5430
108,51728
108,51082
108,30834
108,25885
108,246721
108,221830
108,171568
108,11128
108,10623
108,10622
108,10621
108,101060521
108,84284
108,954
108,5315
108,5313
108,956
108,953
108,377841
108,3704
108,8382
108,654364
108,4833
108,4832
108,4831
108,4830
108,29922
108,10201
107,9533
107,84265
107,84172
107,661
107,64425
107,55718
107,55703
107,548644
107,5441
107,5440
107,5439
107,5438
107,5437
107,5436
107,5435
107,5434
107,5433
107,5432
107,5431
107,5430
107,51728
107,51082
107,30834
107,25885
107,246721
107,221830
107,171568
107,11128
107,10623
107,10622
107,10621
107,101060521
107,84284
107,954
107,5315
107,5313
107,956
107,953
107,377841
107,3704
107,8382
107,654364
107,4833
107,4832
107,4831
107,4830
107,29922
107,10201
9533,84265
9533,84172
9533,661
9533,64425
9533,55718
9533,55703
9533,548644
9533,5441
9533,5440
9533,5439
9533,5438
9533,5437
9533,5436
9533,5435
9533,5434
9533,5433
9533,5432
9533,5431
9533,5430
9533,51728
9533,51082
9533,30834
9533,25885
9533,246721
9533,221830
9533,171568
9533,11128
9533,10623
9533,10622
9533,10621
9533,101060521
9533,87178
9533,84284
9533,954
9533,5315
9533,5313
9533,956
9533,953
9533,377841
9533,3704
9533,8382
9533,654364
9533,4833
9533,4832
9533,4831
9533,4830
9533,29922
9533,10201
84265,84172
84265,661
84265,64425
84265,55718
84265,55703
84265,548644
84265,5441
84265,5440
84265,5439
84265,5438
84265,5437
84265,5436
84265,5435
84265,5434
84265,5433
84265,5432
84265,5431
84265,5430
84265,51728
84265,51082
84265,30834
84265,25885
84265,246721
84265,221830
84265,171568
84265,11128
84265,10623
84265,10622
84265,10621
84265,101060521
84265,87178
84265,84284
84265,954
84265,5315
84265,5313
84265,956
84265,953
84265,377841
84265,3704
84265,8382
84265,654364
84265,4833
84265,4832
84265,4831
84265,4830
84265,29922
84265,10201
84172,661
84172,64425
84172,55718
84172,55703
84172,548644
84172,5441
84172,5440
84172,5439
84172,5438
84172,5437
84172,5436
84172,5435
84172,5434
84172,5433
84172,5432
84172,5431
84172,5430
84172,51728
84172,51082
84172,30834
84172,25885
84172,246721
84172,221830
84172,171568
84172,11128
84172,10623
84172,10622
84172,10621
84172,101060521
84172,87178
84172,84284
84172,954
84172,5315
84172,5313
84172,956
84172,953
84172,377841
84172,3704
84172,8382
84172,654364
84172,4833
84172,4832
84172,4831
84172,4830
84172,29922
84172,10201
661,64425
661,55718
661,55703
661,548644
661,5441
661,5440
661,5439
661,5438
661,5437
661,5436
661,5435
661,5434
661,5433
661,5432
661,5431
661,5430
661,51728
661,51082
661,30834
661,25885
661,246721
661,221830
661,171568
661,11128
661,10623
661,10622
661,10621
661,101060521
661,87178
661,84284
661,954
661,5315
661,5313
661,956
661,953
661,377841
661,3704
661,8382
661,654364
661,4833
661,4832
661,4831
661,4830
661,29922
661,10201
64425,55718
64425,55703
64425,548644
64425,5441
64425,5440
64425,5439
64425,5438
64425,5437
64425,5436
64425,5435
64425,5434
64425,5433
64425,5432
64425,5431
64425,5430
64425,51728
64425,51082
64425,30834
64425,25885
64425,246721
64425,221830
64425,171568
64425,11128
64425,10623
64425,10622
64425,10621
64425,101060521
64425,87178
64425,84284
64425,954
64425,5315
64425,5313
64425,956
64425,953
64425,377841
64425,3704
64425,8382
64425,654364
64425,4833
64425,4832
64425,4831
64425,4830
64425,29922
64425,10201
55718,55703
55718,548644
55718,5441
55718,5440
55718,5439
55718,5438
55718,5437
55718,5436
55718,5435
55718,5434
55718,5433
55718,5432
55718,5431
55718,5430
55718,51728
55718,51082
55718,30834
55718,25885
55718,246721
55718,221830
55718,171568
55718,11128
55718,10623
55718,10622
55718,10621
55718,101060521
55718,87178
55718,84284
55718,954
55718,5315
55718,5313
55718,956
55718,953
55718,377841
55718,3704
55718,8382
55718,654364
55718,4833
55718,4832
55718,4831
55718,4830
55718,29922
55718,10201
55703,548644
55703,5441
55703,5440
55703,5439
55703,5438
55703,5437
55703,5436
55703,5435
55703,5434
55703,5433
55703,5432
55703,5431
55703,5430
55703,51728
55703,51082
55703,30834
55703,25885
55703,246721
55703,221830
55703,171568
55703,11128
55703,10623
55703,10622
55703,10621
55703,101060521
55703,87178
55703,84284
55703,954
55703,5315
55703,5313
55703,956
55703,953
55703,377841
55703,3704
55703,8382
55703,654364
55703,4833
55703,4832
55703,4831
55703,4830
55703,29922
55703,10201
548644,5441
548644,5440
548644,5439
548644,5438
548644,5437
548644,5436
548644,5435
548644,5434
548644,5433
548644,5432
548644,5431
548644,5430
548644,51728
548644,51082
548644,30834
548644,25885
548644,246721
548644,221830
548644,171568
548644,11128
548644,10623
548644,10622
548644,10621
548644,101060521
548644,87178
548644,84284
548644,954
548644,5315
548644,5313
548644,956
548644,953
548644,377841
548644,3704
548644,8382
548644,654364
548644,4833
548644,4832
548644,4831
548644,4830
548644,29922
548644,10201
5441,5440
5441,5439
5441,5438
5441,5437
5441,5436
5441,5435
5441,5434
5441,5433
5441,5432
5441,5431
5441,5430
5441,51728
5441,51082
5441,30834
5441,25885
5441,246721
5441,221830
5441,171568
5441,11128
5441,10623
5441,10622
5441,10621
5441,101060521
5441,87178
5441,84284
5441,954
5441,5315
5441,5313
5441,956
5441,953
5441,377841
5441,3704
5441,8382
5441,654364
5441,4833
5441,4832
5441,4831
5441,4830
5441,29922
5441,10201
5440,5439
5440,5438
5440,5437
5440,5436
5440,5435
5440,5434
5440,5433
5440,5432
5440,5431
5440,5430
5440,51728
5440,51082
5440,30834
5440,25885
5440,246721
5440,221830
5440,171568
5440,11128
5440,10623
5440,10622
5440,10621
5440,101060521
5440,87178
5440,84284
5440,954
5440,5315
5440,5313
5440,956
5440,953
5440,377841
5440,3704
5440,8382
5440,654364
5440,4833
5440,4832
5440,4831
5440,4830
5440,29922
5440,10201
5439,5438
5439,5437
5439,5436
5439,5435
5439,5434
5439,5433
5439,5432
5439,5431
5439,5430
5439,51728
5439,51082
5439,30834
5439,25885
5439,246721
5439,221830
5439,171568
5439,11128
5439,10623
5439,10622
5439,10621
5439,101060521
5439,87178
5439,84284
5439,954
5439,5315
5439,5313
5439,956
5439,953
5439,377841
5439,3704
5439,8382
5439,654364
5439,4833
5439,4832
5439,4831
5439,4830
5439,29922
5439,10201
5438,5437
5438,5436
5438,5435
5438,5434
5438,5433
5438,5432
5438,5431
5438,5430
5438,51728
5438,51082
5438,30834
5438,25885
5438,246721
5438,221830
5438,171568
5438,11128
5438,10623
5438,10622
5438,10621
5438,101060521
5438,87178
5438,84284
5438,954
5438,5315
5438,5313
5438,956
5438,953
5438,377841
5438,3704
5438,8382
5438,654364
5438,4833
5438,4832
5438,4831
5438,4830
5438,29922
5438,10201
5437,5436
5437,5435
5437,5434
5437,5433
5437,5432
5437,5431
5437,5430
5437,51728
5437,51082
5437,30834
5437,25885
5437,246721
5437,221830
5437,171568
5437,11128
5437,10623
5437,10622
5437,10621
5437,101060521
5437,87178
5437,84284
5437,954
5437,5315
5437,5313
5437,956
5437,953
5437,377841
5437,3704
5437,8382
5437,654364
5437,4833
5437,4832
5437,4831
5437,4830
5437,29922
5437,10201
5436,5435
5436,5434
5436,5433
5436,5432
5436,5431
5436,5430
5436,51728
5436,51082
5436,30834
5436,25885
5436,246721
5436,221830
5436,171568
5436,11128
5436,10623
5436,10622
5436,10621
5436,101060521
5436,87178
5436,84284
5436,954
5436,5315
5436,5313
5436,956
5436,953
5436,377841
5436,3704
5436,8382
5436,654364
5436,4833
5436,4832
5436,4831
5436,4830
5436,29922
5436,10201
5435,5434
5435,5433
5435,5432
5435,5431
5435,5430
5435,51728
5435,51082
5435,30834
5435,25885
5435,246721
5435,221830
5435,171568
5435,11128
5435,10623
5435,10622
5435,10621
5435,101060521
5435,87178
5435,84284
5435,954
5435,5315
5435,5313
5435,956
5435,953
5435,377841
5435,3704
5435,8382
5435,654364
5435,4833
5435,4832
5435,4831
5435,4830
5435,29922
5435,10201
5434,5433
5434,5432
5434,5431
5434,5430
5434,51728
5434,51082
5434,30834
5434,25885
5434,246721
5434,221830
5434,171568
5434,11128
5434,10623
5434,10622
5434,10621
5434,101060521
5434,87178
5434,84284
5434,954
5434,5315
5434,5313
5434,956
5434,953
5434,377841
5434,3704
5434,8382
5434,654364
5434,4833
5434,4832
5434,4831
5434,4830
5434,29922
5434,10201
5433,5432
5433,5431
5433,5430
5433,51728
5433,51082
5433,30834
5433,25885
5433,246721
5433,221830
5433,171568
5433,11128
5433,10623
5433,10622
5433,10621
5433,101060521
5433,87178
5433,84284
5433,954
5433,5315
5433,5313
5433,956
5433,953
5433,377841
5433,3704
5433,8382
5433,654364
5433,4833
5433,4832
5433,4831
5433,4830
5433,29922
5433,10201
5432,5431
5432,5430
5432,51728
5432,51082
5432,30834
5432,25885
5432,246721
5432,221830
5432,171568
5432,11128
5432,10623
5432,10622
5432,10621
5432,101060521
5432,87178
5432,84284
5432,954
5432,5315
5432,5313
5432,956
5432,953
5432,377841
5432,3704
5432,8382
5432,654364
5432,4833
5432,4832
5432,4831
5432,4830
5432,29922
5432,10201
5431,5430
5431,51728
5431,51082
5431,30834
5431,25885
5431,246721
5431,221830
5431,171568
5431,11128
5431,10623
5431,10622
5431,10621
5431,101060521
5431,87178
5431,84284
5431,954
5431,5315
5431,5313
5431,956
5431,953
5431,377841
5431,3704
5431,8382
5431,654364
5431,4833
5431,4832
5431,4831
5431,4830
5431,29922
5431,10201
5430,51728
5430,51082
5430,30834
5430,25885
5430,246721
5430,221830
5430,171568
5430,11128
5430,10623
5430,10622
5430,10621
5430,101060521
5430,87178
5430,84284
5430,954
5430,5315
5430,5313
5430,956
5430,953
5430,377841
5430,3704
5430,8382
5430,654364
5430,4833
5430,4832
5430,4831
5430,4830
5430,29922
5430,10201
51728,51082
51728,30834
51728,25885
51728,246721
51728,221830
51728,171568
51728,11128
51728,10623
51728,10622
51728,10621
51728,101060521
51728,87178
51728,84284
51728,954
51728,5315
51728,5313
51728,956
51728,953
51728,377841
51728,3704
51728,8382
51728,654364
51728,4833
51728,4832
51728,4831
51728,4830
51728,29922
51728,10201
51082,30834
51082,25885
51082,246721
51082,221830
51082,171568
51082,11128
51082,10623
51082,10622
51082,10621
51082,101060521
51082,87178
51082,84284
51082,954
51082,5315
51082,5313
51082,956
51082,953
51082,377841
51082,3704
51082,8382
51082,654364
51082,4833
51082,4832
51082,4831
51082,4830
51082,29922
51082,10201
30834,25885
30834,246721
30834,221830
30834,171568
30834,11128
30834,10623
30834,10622
30834,10621
30834,101060521
30834,87178
30834,84284
30834,954
30834,5315
30834,5313
30834,956
30834,953
30834,377841
30834,3704
30834,8382
30834,654364
30834,4833
30834,4832
30834,4831
30834,4830
30834,29922
30834,10201
25885,246721
25885,221830
25885,171568
25885,11128
25885,10623
25885,10622
25885,10621
25885,101060521
25885,87178
25885,84284
25885,954
25885,5315
25885,5313
25885,956
25885,953
25885,377841
25885,3704
25885,8382
25885,654364
25885,4833
25885,4832
25885,4831
25885,4830
25885,29922
25885,10201
246721,221830
246721,171568
246721,11128
246721,10623
246721,10622
246721,10621
246721,101060521
246721,87178
246721,84284
246721,954
246721,5315
246721,5313
246721,956
246721,953
246721,377841
246721,3704
246721,8382
246721,654364
246721,4833
246721,4832
246721,4831
246721,4830
246721,29922
246721,10201
221830,171568
221830,11128
221830,10623
221830,10622
221830,10621
221830,101060521
221830,87178
221830,84284
221830,954
221830,5315
221830,5313
221830,956
221830,953
221830,377841
221830,3704
221830,8382
221830,654364
221830,4833
221830,4832
221830,4831
221830,4830
221830,29922
221830,10201
171568,11128
171568,10623
171568,10622
171568,10621
171568,101060521
171568,87178
171568,84284
171568,954
171568,5315
171568,5313
171568,956
171568,953
171568,377841
171568,3704
171568,8382
171568,654364
171568,4833
171568,4832
171568,4831
171568,4830
171568,29922
171568,10201
11128,10623
11128,10622
11128,10621
11128,101060521
11128,87178
11128,84284
11128,954
11128,5315
11128,5313
11128,956
11128,953
11128,377841
11128,3704
11128,8382
11128,654364
11128,4833
11128,4832
11128,4831
11128,4830
11128,29922
11128,10201
10623,10622
10623,10621
10623,101060521
10623,87178
10623,84284
10623,954
10623,5315
10623,5313
10623,956
10623,953
10623,377841
10623,3704
10623,8382
10623,654364
10623,4833
10623,4832
10623,4831
10623,4830
10623,29922
10623,10201
10622,10621
10622,101060521
10622,87178
10622,84284
10622,954
10622,5315
10622,5313
10622,956
10622,953
10622,377841
10622,3704
10622,8382
10622,654364
10622,4833
10622,4832
10622,4831
10622,4830
10622,29922
10622,10201
10621,101060521
10621,87178
10621,84284
10621,954
10621,5315
10621,5313
10621,956
10621,953
10621,377841
10621,3704
10621,8382
10621,654364
10621,4833
10621,4832
10621,4831
10621,4830
10621,29922
10621,10201
101060521,87178
101060521,84284
101060521,954
101060521,5315
101060521,5313
101060521,956
101060521,953
101060521,377841
101060521,3704
101060521,8382
101060521,654364
101060521,4833
101060521,4832
101060521,4831
101060521,4830
101060521,29922
101060521,10201
57804,56655
57804,5558
57804,5557
57804,5427
57804,5426
57804,5425
57804,5424
57804,5422
57804,54107
57804,23649
57804,10714
57804,5315
57804,5313
57804,3704
57804,8382
57804,654364
57804,4833
57804,4832
57804,4831
57804,4830
57804,29922
57804,10201
56655,5558
56655,5557
56655,5427
56655,5426
56655,5425
56655,5424
56655,5422
56655,54107
56655,23649
56655,10714
56655,5315
56655,5313
56655,3704
56655,8382
56655,654364
56655,4833
56655,4832
56655,4831
56655,4830
56655,29922
56655,10201
5558,5557
5558,5427
5558,5426
5558,5425
5558,5424
5558,5422
5558,54107
5558,23649
5558,10714
5558,5315
5558,5313
5558,3704
5558,8382
5558,654364
5558,4833
5558,4832
5558,4831
5558,4830
5558,29922
5558,10201
5557,5427
5557,5426
5557,5425
5557,5424
5557,5422
5557,54107
5557,23649
5557,10714
5557,5315
5557,5313
5557,3704
5557,8382
5557,654364
5557,4833
5557,4832
5557,4831
5557,4830
5557,29922
5557,10201
5427,5426
5427,5425
5427,5424
5427,5422
5427,54107
5427,23649
5427,10714
5427,5315
5427,5313
5427,3704
5427,8382
5427,654364
5427,4833
5427,4832
5427,4831
5427,4830
5427,29922
5427,10201
5426,5425
5426,5424
5426,5422
5426,54107
5426,23649
5426,10714
5426,5315
5426,5313
5426,3704
5426,8382
5426,654364
5426,4833
5426,4832
5426,4831
5426,4830
5426,29922
5426,10201
5425,5424
5425,5422
5425,54107
5425,23649
5425,10714
5425,5315
5425,5313
5425,3704
5425,8382
5425,654364
5425,4833
5425,4832
5425,4831
5425,4830
5425,29922
5425,10201
5424,5422
5424,54107
5424,23649
5424,10714
5424,5315
5424,5313
5424,3704
5424,8382
5424,654364
5424,4833
5424,4832
5424,4831
5424,4830
5424,29922
5424,10201
5422,54107
5422,23649
5422,10714
5422,5315
5422,5313
5422,3704
5422,8382
5422,654364
5422,4833
5422,4832
5422,4831
5422,4830
5422,29922
5422,10201
54107,23649
54107,10714
54107,5315
54107,5313
54107,3704
54107,8382
54107,654364
54107,4833
54107,4832
54107,4831
54107,4830
54107,29922
54107,10201
23649,10714
23649,5315
23649,5313
23649,3704
23649,8382
23649,654364
23649,4833
23649,4832
23649,4831
23649,4830
23649,29922
23649,10201
10714,5315
10714,5313
10714,3704
10714,8382
10714,654364
10714,4833
10714,4832
10714,4831
10714,4830
10714,29922
10714,10201
87178,84284
87178,954
87178,5315
87178,5313
87178,6241
87178,6240
87178,50484
87178,390877
87178,26289
87178,205
87178,204
87178,203
87178,122481
87178,100507855
87178,956
87178,953
87178,377841
87178,9583
87178,957
87178,955
87178,124583
87178,8382
87178,654364
87178,4833
87178,4832
87178,4831
87178,4830
87178,29922
87178,10201
84284,954
84284,5315
84284,5313
84284,6241
84284,6240
84284,50484
84284,390877
84284,26289
84284,205
84284,204
84284,203
84284,122481
84284,100507855
84284,956
84284,953
84284,377841
84284,8382
84284,654364
84284,4833
84284,4832
84284,4831
84284,4830
84284,29922
84284,10201
954,5315
954,5313
954,6241
954,6240
954,50484
954,390877
954,26289
954,205
954,204
954,203
954,122481
954,100507855
954,956
954,953
954,377841
954,8382
954,654364
954,4833
954,4832
954,4831
954,4830
954,29922
954,10201
5315,5313
5315,6241
5315,6240
5315,50484
5315,390877
5315,26289
5315,205
5315,204
5315,203
5315,122481
5315,100507855
5315,956
5315,953
5315,377841
5315,9583
5315,957
5315,955
5315,124583
5315,3704
5315,8382
5315,654364
5315,4833
5315,4832
5315,4831
5315,4830
5315,29922
5315,10201
5313,6241
5313,6240
5313,50484
5313,390877
5313,26289
5313,205
5313,204
5313,203
5313,122481
5313,100507855
5313,956
5313,953
5313,377841
5313,9583
5313,957
5313,955
5313,124583
5313,3704
5313,8382
5313,654364
5313,4833
5313,4832
5313,4831
5313,4830
5313,29922
5313,10201
6241,6240
6241,50484
6241,390877
6241,26289
6241,205
6241,204
6241,203
6241,122481
6241,100507855
6241,956
6241,953
6241,377841
6241,9583
6241,957
6241,955
6241,124583
6241,8382
6241,654364
6241,4833
6241,4832
6241,4831
6241,4830
6241,29922
6241,10201
6240,50484
6240,390877
6240,26289
6240,205
6240,204
6240,203
6240,122481
6240,100507855
6240,956
6240,953
6240,377841
6240,9583
6240,957
6240,955
6240,124583
6240,8382
6240,654364
6240,4833
6240,4832
6240,4831
6240,4830
6240,29922
6240,10201
50484,390877
50484,26289
50484,205
50484,204
50484,203
50484,122481
50484,100507855
50484,956
50484,953
50484,377841
50484,9583
50484,957
50484,955
50484,124583
50484,8382
50484,654364
50484,4833
50484,4832
50484,4831
50484,4830
50484,29922
50484,10201
1633,390877
1633,26289
1633,205
1633,204
1633,203
1633,122481
1633,100507855
1633,4860
1633,100
1633,93034
1633,84618
1633,56953
1633,51251
1633,4907
1633,30833
1633,22978
1633,115024
1633,100526794
1633,956
1633,953
1633,377841
1633,272
1633,271
1633,270
1633,353
1633,158
132,390877
132,26289
132,205
132,204
132,203
132,122481
132,100507855
132,4860
132,100
132,93034
132,84618
132,56953
132,51251
132,4907
132,30833
132,22978
132,115024
132,100526794
132,956
132,953
132,377841
132,272
132,271
132,270
132,353
132,158
390877,26289
390877,205
390877,204
390877,203
390877,122481
390877,100507855
390877,93034
390877,84618
390877,56953
390877,51251
390877,4907
390877,30833
390877,22978
390877,115024
390877,100526794
390877,956
390877,953
390877,377841
390877,272
390877,271
390877,270
390877,8382
390877,654364
390877,4833
390877,4832
390877,4831
390877,4830
390877,29922
390877,10201
390877,353
390877,158
26289,205
26289,204
26289,203
26289,122481
26289,100507855
26289,93034
26289,84618
26289,56953
26289,51251
26289,4907
26289,30833
26289,22978
26289,115024
26289,100526794
26289,956
26289,953
26289,377841
26289,272
26289,271
26289,270
26289,8382
26289,654364
26289,4833
26289,4832
26289,4831
26289,4830
26289,29922
26289,10201
26289,353
26289,158
205,204
205,203
205,122481
205,100507855
205,93034
205,84618
205,56953
205,51251
205,4907
205,30833
205,22978
205,115024
205,100526794
205,956
205,953
205,377841
205,272
205,271
205,270
205,8382
205,654364
205,4833
205,4832
205,4831
205,4830
205,29922
205,10201
205,353
205,158
204,203
204,122481
204,100507855
204,93034
204,84618
204,56953
204,51251
204,4907
204,30833
204,22978
204,115024
204,100526794
204,956
204,953
204,377841
204,272
204,271
204,270
204,8382
204,654364
204,4833
204,4832
204,4831
204,4830
204,29922
204,10201
204,353
204,158
203,122481
203,100507855
203,93034
203,84618
203,56953
203,51251
203,4907
203,30833
203,22978
203,115024
203,100526794
203,956
203,953
203,377841
203,272
203,271
203,270
203,8382
203,654364
203,4833
203,4832
203,4831
203,4830
203,29922
203,10201
203,353
203,158
122481,100507855
122481,93034
122481,84618
122481,56953
122481,51251
122481,4907
122481,30833
122481,22978
122481,115024
122481,100526794
122481,956
122481,953
122481,377841
122481,272
122481,271
122481,270
122481,8382
122481,654364
122481,4833
122481,4832
122481,4831
122481,4830
122481,29922
122481,10201
122481,353
122481,158
100507855,93034
100507855,84618
100507855,56953
100507855,51251
100507855,4907
100507855,30833
100507855,22978
100507855,115024
100507855,100526794
100507855,956
100507855,953
100507855,377841
100507855,272
100507855,271
100507855,270
100507855,8382
100507855,654364
100507855,4833
100507855,4832
100507855,4831
100507855,4830
100507855,29922
100507855,10201
100507855,353
100507855,158
7498,4860
7498,3251
4860,100
4860,93034
4860,84618
4860,56953
4860,51251
4860,4907
4860,30833
4860,22978
4860,115024
4860,100526794
4860,3251
4860,353
100,93034
100,84618
100,56953
100,51251
100,4907
100,30833
100,22978
100,115024
100,100526794
93034,84618
93034,56953
93034,51251
93034,4907
93034,30833
93034,22978
93034,115024
93034,100526794
93034,3251
93034,3615
93034,3614
93034,956
93034,953
93034,377841
93034,9583
93034,957
93034,955
93034,124583
93034,159
93034,122622
93034,272
93034,271
93034,270
93034,3704
93034,471
93034,353
93034,158
84618,56953
84618,51251
84618,4907
84618,30833
84618,22978
84618,115024
84618,100526794
84618,3251
84618,3615
84618,3614
84618,956
84618,953
84618,377841
84618,9583
84618,957
84618,955
84618,124583
84618,159
84618,122622
84618,272
84618,271
84618,270
84618,3704
84618,471
84618,353
84618,158
56953,51251
56953,4907
56953,30833
56953,22978
56953,115024
56953,100526794
56953,3251
56953,3615
56953,3614
56953,956
56953,953
56953,377841
56953,9583
56953,957
56953,955
56953,124583
56953,159
56953,122622
56953,272
56953,271
56953,270
56953,3704
56953,471
56953,353
56953,158
51251,4907
51251,30833
51251,22978
51251,115024
51251,100526794
51251,3251
51251,3615
51251,3614
51251,956
51251,953
51251,377841
51251,9583
51251,957
51251,955
51251,124583
51251,159
51251,122622
51251,272
51251,271
51251,270
51251,3704
51251,471
51251,353
51251,158
4907,30833
4907,22978
4907,115024
4907,100526794
4907,3251
4907,3615
4907,3614
4907,956
4907,953
4907,377841
4907,9583
4907,957
4907,955
4907,124583
4907,159
4907,122622
4907,272
4907,271
4907,270
4907,3704
4907,471
4907,353
4907,158
30833,22978
30833,115024
30833,100526794
30833,3251
30833,3615
30833,3614
30833,956
30833,953
30833,377841
30833,9583
30833,957
30833,955
30833,124583
30833,159
30833,122622
30833,272
30833,271
30833,270
30833,3704
30833,471
30833,353
30833,158
22978,115024
22978,100526794
22978,3251
22978,3615
22978,3614
22978,956
22978,953
22978,377841
22978,9583
22978,957
22978,955
22978,124583
22978,159
22978,122622
22978,272
22978,271
22978,270
22978,3704
22978,471
22978,353
22978,158
115024,100526794
115024,3251
115024,3615
115024,3614
115024,956
115024,953
115024,377841
115024,9583
115024,957
115024,955
115024,124583
115024,159
115024,122622
115024,272
115024,271
115024,270
115024,3704
115024,471
115024,353
115024,158
100526794,3251
100526794,3615
100526794,3614
100526794,956
100526794,953
100526794,377841
100526794,9583
100526794,957
100526794,955
100526794,124583
100526794,159
100526794,122622
100526794,272
100526794,271
100526794,270
100526794,3704
100526794,471
100526794,353
100526794,158
3251,3615
3251,3614
3251,956
3251,953
3251,377841
3251,9583
3251,957
3251,955
3251,124583
3251,159
3251,122622
3251,272
3251,271
3251,270
3251,3704
3251,471
3615,3614
3615,956
3615,953
3615,377841
3615,9583
3615,957
3615,955
3615,124583
3615,159
3615,122622
3615,272
3615,271
3615,270
3615,3704
3615,471
3614,956
3614,953
3614,377841
3614,9583
3614,957
3614,955
3614,124583
3614,159
3614,122622
3614,272
3614,271
3614,270
3614,3704
3614,471
956,953
956,377841
956,9583
956,957
956,955
956,124583
956,159
956,122622
956,272
956,271
956,270
956,3704
956,8382
956,654364
956,4833
956,4832
956,4831
956,4830
956,29922
956,10201
956,471
956,353
956,158
953,377841
953,9583
953,957
953,955
953,124583
953,159
953,122622
953,272
953,271
953,270
953,3704
953,8382
953,654364
953,4833
953,4832
953,4831
953,4830
953,29922
953,10201
953,471
953,353
953,158
377841,9583
377841,957
377841,955
377841,124583
377841,159
377841,122622
377841,272
377841,271
377841,270
377841,3704
377841,8382
377841,654364
377841,4833
377841,4832
377841,4831
377841,4830
377841,29922
377841,10201
377841,471
377841,353
377841,158
9583,957
9583,955
9583,124583
9583,159
9583,122622
9583,272
9583,271
9583,270
9583,3704
9583,8382
9583,654364
9583,4833
9583,4832
9583,4831
9583,4830
9583,29922
9583,10201
9583,471
9583,353
957,955
957,124583
957,159
957,122622
957,272
957,271
957,270
957,3704
957,8382
957,654364
957,4833
957,4832
957,4831
957,4830
957,29922
957,10201
957,471
957,353
955,124583
955,159
955,122622
955,272
955,271
955,270
955,3704
955,8382
955,654364
955,4833
955,4832
955,4831
955,4830
955,29922
955,10201
955,471
955,353
124583,159
124583,122622
124583,272
124583,271
124583,270
124583,3704
124583,8382
124583,654364
124583,4833
124583,4832
124583,4831
124583,4830
124583,29922
124583,10201
124583,471
124583,353
159,122622
159,272
159,271
159,270
159,3704
159,471
159,158
122622,272
122622,271
122622,270
122622,3704
122622,471
122622,158
272,271
272,270
272,3704
272,471
272,353
272,158
271,270
271,3704
271,471
271,353
271,158
270,3704
270,471
270,353
270,158
3704,8382
3704,654364
3704,4833
3704,4832
3704,4831
3704,4830
3704,29922
3704,10201
3704,471
3704,353
8382,654364
8382,4833
8382,4832
8382,4831
8382,4830
8382,29922
8382,10201
654364,4833
654364,4832
654364,4831
654364,4830
654364,29922
654364,10201
4833,4832
4833,4831
4833,4830
4833,29922
4833,10201
4832,4831
4832,4830
4832,29922
4832,10201
4831,4830
4831,29922
4831,10201
4830,29922
4830,10201
29922,10201
5169,5167
5169,9061
5169,9060
5167,9061
5167,9060
9061,9060
471,353
471,158
353,158
158,10606
10606,2618
5198,2618
2618,5471
5471,5634
5471,5631
5471,221823
56985,53343
56985,11164
56985,5634
56985,5631
56985,221823
56985,55276
53343,11164
53343,5634
53343,5631
53343,221823
53343,55276
11164,5634
11164,5631
11164,221823
11164,55276
5634,5631
5634,221823
5634,55276
5631,221823
5631,55276
221823,55276
